5329
7519
388
2443
6254
5502
1876
199
7231
1457
1228
1082
7099
7039
8104
1169
4260
6735
7670
4680
1487
1092
3899
4260
3556
3359
1255
766
6878
5676
2865
1547
943
3939
490
8949
2242
7218
3331
7041
9982
8105
5514
6029
3728
5728
7331
3498
6012
4404
4248
1804
7337
1422
7234
4154
5314
8532
1026
5784
7831
9508
1643
1814
6222
5099
9368
8045
5366
3878
6999
8490
4172
6348
3568
6597
8054
3312
831
4916
6973
5011
4193
826
2718
8734
7768
7530
1250
7294
1542
8457
4128
7241
2209
4807
8278
7918
3650
4666
4254
5578
2968
7783
5374
5759
5618
3009
1085
8741
568
3381
9209
9281
4850
7415
3134
6989
8964
6283
4145
7896
4038
7262
8947
5920
7226
8306
7337
3230
1817
6431
3149
1741
234
8344
7577
8705
5844
5938
7260
6299
9081
5791
7042
6464
2005
1248
3238
5327
7297
7450
2803
5842
6776
3384
3117
4500
2696
2234
2684
2855
8539
6910
4099
7405
6438
98
7290
6540
5565
3594
8106
5968
2408
6046
6283
7479
9364
4521
9875
8550
6029
8763
551
223
6071
591
8469
2080
5765
8220
9561
3599
8125
8790
3075
4238
8780
1095
3342
823
2348
3661
5401
2184
3908
8212
7845
4230
7802
8786
1444
1428
2688
9564
914
8416
4177
9321
2136
9004
2122
3745
2954
794
4443
5873
5782
3601
1042
40
2568
3162
7399
8425
6317
5606
6727
7069
2201
6270
4191
1305
106
4637
4031
9170
3444
3405
7032
4344
7013
6636
8809
9444
5969
1612
6609
1393
6258
7429
1350
2366
3041
7769
1288
2110
8726
4
1135
8919
6923
4495
453
6758
8008
1846
1683
4615
3100
6984
4766
3665
2733
7441
6940
4820
1085
4395
4657
3337
5304
274
7121
8378
1963
2818
6494
8454
1382
5760
2211
1848
5403
978
6225
9384
1678
9025
2787
8545
903
2962
7342
1975
9765
4944
6094
5419
5678
9050
7775
7471
8056
8425
1099
2869
3595
7469
1494
6748
7914
7422
4534
5888
3647
7458
5184
1693
9262
8968
1645
9272
777
328
8356
4993
1592
6878
6287
8956
5657
5401
1732
9051
2229
740
981
2723
6890
1394
2686
6897
758
2515
4962
9712
7452
1593
6210
1579
6600
9822
9441
1675
6968
9668
1314
713
6685
7793
5027
3345
4476
9804
4266
9545
9273
3523
9659
7634
1807
7786
7728
406
9448
6957
1228
1719
7924
2264
1935
2215
122
1934
3913
7255
1852
9178
3608
8062
6680
7349
9404
630
1520
8680
6524
3856
5169
9666
1219
7899
6271
6045
8212
9580
6801
4013
5770
2176
590
9808
9272
2987
5941
4150
30
9941
3120
5390
1053
6240
2158
6994
4017
9696
1016
7012
1685
2073
2530
9914
2483
1926
920
3123
2311
9099
2377
7501
7081
7924
776
1952
9390
9967
5297
7342
3429
8943
828
744
808
6852
1957
2506
6925
953
416
2252
2312
5514
4846
8658
7160
5942
4774
3388
8994
5371
6132
7887
8303
2665
2774
4512
4070
8241
6629
2220
7778
7885
5568
4313
9073
7655
6625
4392
6720
9720
8445
2808
9214
1729
9477
8091
894
9919
2707
21
8136
504
8019
5217
8430
4187
5626
3016
3883
2473
4421
1505
6695
2410
2249
323
7917
830
7155
432
9135
6961
9914
2069
9248
2542
2984
4820
8859
5835
9613
9441
7081
468
679
7694
1286
8043
1376
6004
3406
8501
51
4371
6657
6770
664
2068
7168
4382
6576
3564
1702
5511
6166
6918
4619
1600
2829
4447
3588
4083
140
1883
9628
6454
6847
505
3590
7650
9475
2331
9180
4499
7575
3084
2086
7374
1285
9611
2742
9385
1056
5907
3246
4138
1187
6974
1179
750
9253
4280
9886
4797
4260
8765
5584
2148
6200
3689
9610
123
3628
9957
4726
5098
7879
2862
9441
7472
2319
5300
3287
4591
2510
6461
4199
5032
209
7464
9453
1555
8672
601
4120
7824
7617
7617
9690
3667
8275
8185
9415
7619
2791
9282
316
9752
8665
542
6663
8504
6649
6354
6548
3090
1596
8905
3935
8471
8614
4794
1028
7839
9643
1378
6905
4523
7496
6777
6169
6241
306
7703
3535
9497
2610
33
2258
2018
6327
2729
9335
1419
8691
8106
5482
5268
2548
6993
1447
3560
4479
7690
6392
8799
5168
4468
8309
9871
6026
419
4304
5765
8777
7435
8861
6093
1303
6542
3494
6643
2189
6751
7227
7604
6911
8489
4860
5577
7097
9104
5030
747
1449
3757
3739
5965
9833
7314
753
1470
3683
1044
3784
9018
965
5186
4269
3637
6862
2775
4652
9459
9881
9194
860
197
1756
573
3279
3475
5641
6888
992
9957
5550
2139
5565
4500
7067
5752
9693
7208
5714
1715
2999
4489
2394
9944
4214
9422
7675
4582
4862
7306
5820
8607
2306
8603
9049
3981
9924
9015
6108
6144
1280
2020
2923
2293
6516
4857
4118
9393
941
5109
1100
177
1367
642
6956
5169
1872
1010
865
2439
7610
1836
6860
3341
8584
5372
6776
9626
5907
1041
7283
112
3027
1836
8309
6845
7640
760
7193
2003
9016
3561
236
2027
7927
3817
4525
5492
6084
123
6869
1181
6496
3478
9114
6649
3390
1253
6372
5603
8837
6071
3119
7542
4197
5279
7299
8210
2788
6474
1402
8857
7934
5267
202
5392
3241
3779
2759
6116
5733
8184
9036
3329
6909
8145
3505
4219
6621
6864
2597
1347
7817
968
2308
2859
3384
3575
625
4399
7104
7452
6847
1262
6969
9445
6651
8269
5592
7567
4858
2757
36
4475
6010
2984
4273
8874
3498
6846
9070
5580
5117
4711
4517
5699
3152
343
4714
6860
2952
91
284
2297
1014
1363
544
2933
7900
5219
583
4898
5775
8096
2416
6563
712
932
1882
9755
1725
3084
8877
9117
7300
2558
6809
7991
4382
6106
7507
6072
8020
3247
2013
640
6609
1794
9795
4969
950
2740
6949
2143
3514
2001
167
2167
2197
9713
1184
2228
7186
3882
6000
9356
4812
1916
1777
8505
3976
6640
9338
1684
6006
2443
3808
6251
7287
3979
8021
3912
7319
5205
9582
7378
5474
4482
1015
7940
8695
4619
9820
4457
6626
2656
6010
4973
2760
4322
2273
7664
288
4107
9998
7643
8194
8984
503
2996
9677
3359
7375
4220
1301
9127
4342
8832
2423
4660
8309
5817
4356
5235
373
5576
9003
9542
4654
9243
8858
8752
5031
2432
4864
5661
5711
7478
2593
8425
3178
7012
5095
1521
4797
2692
7937
5785
5649
7004
6493
4798
5323
8529
7101
2854
2823
7845
7111
8847
4539
4032
8321
7047
1427
9718
289
4708
6805
2911
2937
2989
2872
4108
7698
5487
586
7406
1885
4001
3109
1758
9696
1903
1047
6661
3085
8221
9355
5921
2499
6849
6435
8383
4099
4633
2255
1846
6526
8655
9833
5282
2841
3050
9584
7284
7067
4070
6806
2796
3476
9359
2000
1622
5616
8771
1298
9707
4720
7679
4785
518
412
962
7777
8317
483
7409
332
903
7311
2607
587
9937
1997
6787
3964
7316
60
1716
6236
6573
8607
6599
6852
1515
6617
9521
815
4698
6668
8523
2283
5624
8764
3517
5084
5891
1080
1307
9333
769
3983
9372
7122
6229
9721
6009
1180
9927
8817
87
8548
5877
9250
3910
5536
9491
9515
5927
921
826
270
558
1234
3706
7458
4812
7195
8066
4014
2781
728
7053
1567
6590
3720
6406
7840
8316
6018
3037
6152
9963
1014
6783
478
4859
3832
4744
6579
864
1962
8324
1696
6148
4361
5578
4279
5989
1696
1754
3862
9979
8088
3546
4052
5381
6946
9092
6453
6695
1479
4184
1801
4384
9926
2373
3799
2762
8481
8947
8175
8063
6279
7323
8679
2202
9945
744
9245
5142
7228
1033
3429
3563
8127
9344
6412
2432
5424
956
7828
2401
4633
202
5684
9747
7199
9794
8024
1641
3561
6674
8708
166
3467
2827
2360
9042
6743
7023
712
9306
9265
5884
5264
6026
2385
671
3929
3055
1891
4781
1118
8252
9709
4926
4344
1815
1839
6575
3122
3119
5029
2325
3456
7989
6310
5701
9236
2596
2073
1383
870
4215
8923
8381
7229
3521
4028
3256
2137
6098
8924
8921
7520
643
1482
5273
2148
9476
4599
372
580
5992
4986
2816
9497
3133
9806
2028
1671
6733
3207
9928
4970
4587
2257
5204
1871
2273
6024
8841
4840
9753
7036
1761
2375
6305
163
6886
1923
2022
1676
8082
5213
4788
6204
1744
6589
9890
8670
1246
1328
2363
8055
8134
4385
7444
3234
6929
5797
7017
1032
9322
1828
3083
2000
8121
541
6008
1898
9556
1052
3419
5405
5367
521
2071
7378
6372
2096
3890
1295
2565
5657
3380
2721
9471
2944
3425
7051
7753
4244
5156
4376
3385
3852
9762
3955
7581
8047
5261
5262
839
7168
5763
9783
2509
3086
5985
4473
9100
6582
6656
7324
7829
5909
2248
5255
8279
5713
271
3378
433
7062
2045
9574
4946
1483
5376
5407
6467
4776
2679
6303
3711
935
754
6920
7025
8626
4462
6739
4754
536
9240
2330
2862
689
1411
2666
7034
5126
329
3064
2149
2849
8154
7766
5560
8596
1989
4278
3787
5169
8648
7547
3011
4432
5996
2972
7702
4614
5216
3890
3046
2158
6630
346
349
6722
4235
1423
5324
1799
3414
6022
9294
1217
7801
8229
2791
544
9856
5356
5402
4680
3589
2095
8611
4428
3555
9156
3150
118
1862
700
5041
9525
1220
7127
5181
3006
2604
2323
2884
3670
4315
1603
8615
8084
9
7904
6308
6535
681
1991
2395
7965
1305
649
7333
7946
9401
1639
9603
2698
7568
6261
6461
2497
7051
990
6324
5422
5987
9131
1249
8157
5634
1409
5988
5424
608
5092
2890
3515
6670
9571
3066
8223
9111
489
8871
1650
3852
8111
4081
6136
5850
6148
7039
7898
3716
2275
6678
4787
3251
5575
2505
767
1979
8078
3376
5631
6867
617
9917
2289
5087
4896
7914
8183
3712
2973
6578
2092
5467
4278
3916
1742
1641
3557
5555
7825
5274
4385
7300
8366
2886
7593
3055
11
3593
5602
4716
149
8233
1606
4205
913
720
3378
2629
198
1050
1126
5459
89
4433
621
970
6710
7944
4505
3480
9724
7044
1127
6414
5424
7242
77
1647
9776
5658
6525
4434
5891
3268
4289
9862
9917
1847
113
6124
3039
5115
4600
292
5123
9416
5307
9191
1973
893
5045
2653
2839
4513
3768
5737
9352
8044
8871
9726
4034
9555
7686
4775
9449
288
3837
6972
6632
4434
4303
677
1187
9430
5245
2514
5456
9478
8246
5927
3735
5160
2412
1252
831
6234
9671
8604
3749
725
7844
3418
530
3966
360
2292
5400
6948
1080
8576
9643
9026
9764
6112
7113
3677
6805
5831
6047
8155
4929
4832
8620
421
2671
1373
3532
5415
3281
4648
8248
7485
1695
5221
70
2662
7419
3072
5424
8913
2061
4008
5108
3406
250
7609
9879
4091
6032
5221
9197
4628
9760
2466
3053
311
3191
4872
5313
8185
8163
2499
5850
5059
8945
8323
5326
3019
3231
4783
1652
5355
5237
188
5102
8327
5309
6944
1463
4070
4467
9894
5083
8439
8304
8357
3012
7970
8400
6097
488
2737
6461
6427
5115
8613
7697
522
2578
8726
4759
7276
4161
9433
4120
2620
1592
2040
6
7358
5465
813
9823
669
6478
7590
3726
8575
7242
4581
8272
3065
6164
6542
4767
7098
8543
3852
8113
7087
6181
9862
3103
7031
3995
409
7400
7835
8726
7131
2042
9937
2894
798
1150
9645
1261
637
8105
7042
9880
1943
6763
3912
3312
9474
2284
7402
28
4140
9460
9881
6358
3030
6078
477
5877
7552
2054
2382
272
4541
360
1354
4213
4560
1992
4380
7582
4951
7678
6101
3802
9305
5128
5204
5942
9622
5344
9659
1330
5671
5043
8914
2816
5002
5089
1489
5796
6485
7649
9965
759
354
3681
2344
8814
7229
7627
4072
6283
8701
592
9758
7956
6560
606
1538
8312
2508
5845
462
4399
7915
9891
5427
5949
391
8024
3689
7636
360
798
6961
1217
6857
579
3110
3367
7224
6547
195
1470
2441
6588
7956
1921
610
7423
6290
6126
7410
6405
5733
1497
6352
656
6255
2061
3675
1400
2183
3140
5992
3618
9482
3294
2657
9158
2896
2253
1390
4223
3158
6658
393
7471
8570
8415
3636
3539
4673
8488
1174
3444
4386
9964
3171
4928
5324
6158
6510
6341
6102
123
5173
5200
8895
4663
6811
9406
5774
891
1553
7803
9449
356
2088
7671
1475
4054
5609
1694
1305
6601
9734
5432
5143
9291
4209
5293
6909
8955
6892
840
2814
1915
304
3801
8518
5110
1006
9886
1461
8737
7876
5506
4779
7710
7181
5367
8606
9808
7738
7348
8435
5003
7789
5346
5859
8994
6618
5248
732
6857
5814
522
5752
5191
869
1903
512
6397
3461
696
9756
6827
9605
1762
4596
4410
9880
2368
9160
2079
5008
3491
4388
6612
8133
9232
7956
7650
6223
9832
3130
2486
3321
4570
7916
1429
5157
3693
5913
4414
7278
7014
595
2658
6100
3452
2844
620
7682
4297
9957
3421
1533
6366
8586
8233
5016
8940
5100
6565
202
6184
6000
5676
9207
8840
6463
4904
9188
3974
1528
9931
5200
213
8099
9532
4024
4758
3338
8964
724
1918
5892
7508
6391
978
3548
5532
4318
9725
5577
892
9928
7917
2299
9961
5307
8544
279
6063
1726
707
5044
9649
5124
8579
5020
3114
686
8353
4849
7593
4889
4589
6874
6316
6958
1085
6824
4833
7294
7662
9121
2602
9070
6131
7492
5378
4213
5054
149
2221
7590
583
4414
5907
4061
3111
3827
3028
5321
9705
2939
5733
364
73
3425
662
7782
409
2058
2488
5998
9515
657
6547
8388
1394
9602
2425
783
3981
8725
3139
612
1247
5635
5848
8855
3587
4436
471
8857
4799
8592
298
4983
7265
4580
361
5385
6441
8172
5359
5683
459
538
5582
7834
3275
1888
4238
3926
5668
8760
8956
9266
9543
57
8189
1940
137
7400
2056
2938
2966
1168
7233
8464
5
4423
3948
637
9090
3683
2013
5696
5473
2607
3410
9569
3747
6984
5713
7575
6818
3461
1823
4674
5670
8925
3052
7228
5054
5773
1631
9314
5634
2464
7569
5498
9488
7376
2032
5735
335
7728
3903
9860
3756
841
8445
6126
1096
7117
474
1333
6947
2086
2409
8889
1450
5020
7662
5876
5861
2809
1914
4908
5469
9485
1099
4492
9435
3284
9716
7983
4878
1713
8335
1815
7594
8617
8467
241
376
5241
4632
6802
8383
5648
2661
4200
75
2096
8911
241
1886
2219
3792
7831
5526
1305
6558
1127
3844
45
6559
9396
6098
2646
9308
8704
1347
9278
1577
1179
9206
4696
1592
8968
5308
9130
6068
5142
6395
4429
8278
154
430
1287
598
4217
2248
1720
2361
9514
4355
4285
9470
3416
9745
5145
3382
6718
8291
874
4153
5295
443
9442
6680
9197
3351
7074
8290
5080
8104
187
9625
5172
1523
4822
5165
7292
7891
3517
4934
9087
6364
5459
9640
1079
9403
9228
790
9006
7273
3004
2168
8115
9285
586
7599
2927
609
9526
1540
6308
3743
7217
6488
3545
3391
6430
4092
7377
2792
6573
9416
209
2771
2528
2542
7608
7085
6295
8283
9937
4193
9039
486
7501
4871
8649
8210
6842
9889
1622
2935
5740
3889
6977
890
2944
2251
6467
1736
4178
6532
5790
7328
4961
3505
1675
9284
7528
395
9243
6992
4756
4169
3221
874
637
9065
789
8147
7191
8461
8688
9914
5750
7728
1059
6681
403
4042
1154
6543
8638
1831
6340
8062
6900
5870
1985
6791
261
2962
2094
3331
4699
1410
8794
9837
5482
5022
8
5292
843
9242
2604
8894
8965
6117
1285
2732
3516
3203
6707
4761
272
6041
2684
2610
9027
3126
8930
2284
1776
3605
9470
2424
538
9975
2051
5953
7370
6341
7626
6043
4741
1087
9501
6946
964
2702
9035
4790
7254
6537
1556
9223
6171
9216
7148
9961
8986
4156
33
5005
4916
9342
388
5472
5916
9969
7658
4536
4121
1284
4615
6575
2870
9913
945
1669
6803
9969
4825
7719
8449
2272
939
9329
4516
703
7737
8686
4365
622
125
5892
4427
6113
8197
7010
8180
3751
4008
4845
5188
6638
5607
7358
5187
1878
4384
7210
7751
5844
6627
6981
8892
9308
8780
2895
1479
2478
5889
6879
3244
9236
7157
7184
6281
591
6235
7332
2433
6874
489
5808
6637
1434
7898
6618
9991
341
2602
9293
5263
7488
8410
369
5140
4599
3942
4206
5215
8749
6260
4243
3381
190
8977
2924
6762
3239
1247
4569
8440
2109
890
6203
787
1009
3214
5578
3725
3506
4740
702
1346
9749
3894
398
8487
6647
2905
3569
5068
1416
8117
2863
8555
5995
6375
3398
1471
5689
8135
5118
724
6031
4960
7349
4779
7953
1063
7133
5982
8890
3480
5057
8860
5139
4196
9873
1128
8052
7975
1984
2265
3042
5444
9915
9985
4283
2510
6562
446
2559
7994
2756
5001
8312
7808
8912
130
512
1293
5451
9808
2995
798
8996
2441
4109
7743
6886
6902
2121
6724
5354
7907
8798
6482
8871
831
7037
9523
1174
480
8583
7645
7463
468
5231
5150
4392
2383
4560
1396
3394
7143
5908
4431
321
1266
3549
8306
447
8421
8727
4778
8349
5236
3802
4821
6879
3929
2785
1952
5991
1588
7118
1936
3543
4092
851
1536
9100
3326
7798
5140
1734
5283
1521
8616
4100
8321
7552
9299
1305
4591
4040
3120
7520
525
626
8203
7368
3874
4239
9298
7252
5025
1378
575
3764
7469
8262
8988
7165
7937
8721
2824
5358
7375
5829
8904
1576
9126
4831
6518
6181
9718
7066
7579
4865
2437
5444
4469
1239
4903
5250
5682
4086
386
2718
8889
3624
7886
9609
9596
9901
2229
3330
8272
6162
986
2543
4433
2291
7823
7342
1528
1894
4935
3784
8079
2371
3048
9018
7583
9047
9354
1603
9702
612
9075
8175
7342
9471
6740
70
97
6415
5693
1647
7310
7274
6081
6580
1766
183
1476
4742
3537
2355
996
2070
5528
2062
752
8378
9352
4591
2033
1437
5246
1546
9595
689
7176
9557
1419
6821
7438
5904
9679
6049
2007
7324
8599
2527
6182
5833
2876
2772
4150
7513
4473
1131
2604
6281
4523
8466
6339
1834
8044
3498
2340
691
950
778
6116
1037
3939
2686
7074
8020
634
4159
9748
9362
4658
3386
8918
7366
6766
7833
149
5163
7931
8890
796
3934
3752
7981
3333
5218
6202
2191
7452
1244
4028
7588
7340
8034
7773
7821
9254
8615
1016
7723
3571
1889
8948
3470
8975
8385
2467
1479
219
6023
5097
9622
9024
1179
8266
8597
8963
6742
817
7106
8737
7101
563
799
1918
5816
2733
3988
7394
6661
4655
8345
1771
6565
4568
641
235
8410
6815
8186
9723
7901
7056
6346
3177
7307
5892
3767
5300
7707
7422
8856
8014
6350
5657
2024
6288
4835
3847
7629
2991
174
6751
236
4187
139
7455
7950
2729
9461
7827
3612
5470
1014
7928
5262
5240
8124
4028
9532
3156
8780
4424
2705
5874
2731
845
1118
8282
3357
2946
4262
9765
2652
3415
5054
2113
9931
468
2665
1403
6036
9975
9642
5775
76
3294
8937
4524
3520
5544
3016
1859
3884
6556
622
6199
883
1151
8050
9993
1499
4043
1568
7069
9394
9914
3097
8921
5083
4628
6098
772
2804
3333
6410
3112
6732
6003
4681
8175
9039
9874
6642
6612
324
8435
52
1089
8382
9111
7092
3362
8439
5934
3079
8928
2753
274
7863
4726
7450
847
6168
1724
7576
9782
596
6449
3359
6153
4459
3351
9520
2328
8721
1846
4973
4972
7045
6908
2924
27
1457
6657
6422
4791
4418
8296
2798
2265
6270
2826
8826
2209
9967
7400
2321
8074
3875
980
9534
9153
2992
2534
6449
7978
8629
6200
8026
1581
7369
6277
814
2022
2933
2847
7485
238
3815
5881
4009
3546
7778
2681
6079
2878
16
2844
694
4852
7928
2739
32
7834
3449
9085
5274
3809
5799
7464
7934
6776
9911
8989
569
9925
1755
6235
2700
5311
1666
6868
6619
9537
3044
7567
45
1156
3284
5073
1653
7722
4824
409
599
6890
9695
1666
185
4112
6155
487
8239
2250
9972
1081
6708
5869
2763
689
1857
8850
1904
9530
2721
708
8745
3333
7843
4230
4860
7402
9763
9131
4562
9100
6691
8614
9471
7061
6161
916
8162
8455
913
8392
8659
8408
1043
3462
2095
2576
8489
7300
7372
8316
3127
673
9652
9447
4574
8761
5550
9103
4358
9569
4902
838
7436
4462
9911
5013
6820
8448
1424
9565
9711
6060
4666
2493
9659
4035
9796
5965
5146
7620
8108
8711
7649
2904
8246
268
1014
4495
6544
469
2365
9828
9571
5629
2472
9324
6644
4939
7072
3497
8828
7460
7516
5923
6221
5940
3472
9719
9133
7720
137
7935
6103
1040
278
2444
6093
8696
6201
344
1346
2470
4808
8678
5132
7259
3283
761
3568
974
4570
8286
6170
4779
4449
9209
8406
3420
6289
1058
8230
1149
5194
8725
6401
6425
350
963
584
2419
3556
7428
5929
8253
7172
6962
2411
4297
8074
1942
4905
8600
8853
3842
5445
8860
4169
8319
2845
8292
8984
1468
8807
7877
4703
9020
8651
4283
2980
148
4998
878
5120
5283
4038
7290
3397
3674
463
3183
4389
3519
2227
629
6303
5816
7683
3178
2638
3305
6011
2972
8193
7144
9780
9442
542
2665
631
3417
5262
2728
6399
2694
6880
2052
3988
7699
490
5375
2617
4655
7679
5802
4904
739
6920
2301
1969
3862
970
5646
3560
7150
5544
1806
2319
3678
4569
713
881
182
4072
809
2057
5230
1929
1111
1840
6945
163
488
9379
5313
9252
9948
3455
3550
462
7593
1442
4753
8710
5264
8949
3780
3724
3394
3640
6230
255
9334
9070
6749
6423
585
733
2987
5288
2
3103
461
9754
2424
8295
8373
8242
3999
5749
8122
4612
7209
4610
7795
3544
830
8522
5967
7793
1918
2221
2059
3731
1307
8044
8508
2873
1212
7912
5761
338
9331
5194
1560
208
9708
407
2888
382
1523
9620
6597
4126
1804
8951
2049
3480
5616
9393
609
4049
2039
8213
3224
4514
5620
3936
1590
1320
3237
3807
398
8920
115
8086
5744
4956
3400
3255
3656
3553
8485
4369
3576
3678
5815
7425
532
8115
9351
6233
8903
4402
917
298
4925
1285
1278
1223
2530
8886
7574
8908
9937
6244
5943
3918
2508
5893
324
3144
8034
6081
2000
1614
9848
6565
7875
5603
9059
7141
127
5517
5226
3042
1667
9714
7685
5737
6993
5837
3486
4680
6133
4870
4327
9483
3668
691
3762
1575
4884
3394
8854
7342
2391
2313
8852
5732
5605
6228
4535
7775
4077
7889
4170
1189
7765
2616
1968
7678
2100
1134
986
5759
6427
6777
6848
9266
5434
9691
7416
2251
6342
102
1145
2771
7596
5029
3705
8645
6312
3932
7226
6899
5427
7501
2326
183
4861
4475
3493
4921
1697
91
4607
229
7214
1347
5980
2256
5268
1657
6278
7068
8089
5655
5426
2672
1093
937
7504
3259
9316
1872
6490
2238
5268
6638
4358
7644
5428
3424
5637
7699
324
5578
3025
3905
870
9233
1932
8247
5242
5059
9434
929
6693
3393
4058
8060
7055
2446
5700
6356
159
4134
3404
462
3323
3526
6652
5326
8827
6823
5031
2809
3787
9024
587
2767
6628
6083
3174
7002
2226
4758
4048
8083
4754
8715
8773
4991
9071
7225
7808
4719
8466
5558
1246
8592
6734
7036
9596
9798
4663
1413
3811
8399
3217
3773
5858
7067
8600
4647
3927
5426
1749
9385
8741
3401
3471
2013
7491
1601
4698
1935
5096
3848
676
1152
9911
7354
9877
6182
3881
3698
2997
9460
4662
5661
3542
3301
4292
551
7633
848
6404
1050
1182
9171
2023
6187
5428
6324
4542
3246
8598
4065
8846
5078
1268
2468
5627
5811
9255
153
6664
3605
8975
6649
7275
198
6292
6819
5268
2872
8345
5166
8108
5455
1497
3266
2200
3690
3840
3330
5524
6305
727
4594
7447
8252
8075
8908
5527
7244
6211
2389
3566
1223
3699
6163
1994
21
8369
5099
7120
6559
5141
6776
3824
6877
2063
1280
4431
3661
1282
8744
297
6905
3545
344
8518
766
9498
1574
9000
786
5535
6252
6591
7762
3556
3549
1286
1202
4935
7933
5426
694
5714
1427
5906
9675
2598
1631
8200
5859
2684
9439
1508
8387
8684
3896
1814
3936
8118
9202
6902
7449
435
2558
5679
3652
7026
4184
2087
2756
2011
8533
7822
9381
2127
6451
5070
3705
7038
8331
156
3196
1520
2190
2490
5118
4173
5486
7665
6104
7805
8360
9999
8222
7034
6447
3355
5358
3197
415
7874
1099
1261
5422
4600
4257
5061
4376
5956
2507
2506
5506
8502
263
4956
2892
5324
2033
2285
8702
6487
1325
3242
4458
1800
7721
8440
158
568
2701
8830
172
4654
549
1200
78
7894
158
9926
8912
9273
6553
2895
3952
8898
7287
7673
9715
5794
9326
9641
980
5265
2845
7318
815
6776
1642
9092
1802
9531
4733
2452
6377
2176
6202
6551
1966
4612
7779
3681
9768
8005
9400
596
889
3239
8931
8818
8135
2222
8071
7578
2242
383
3168
9525
3038
6118
2436
8765
5604
8115
2171
7123
689
40
8023
8087
9476
5223
1845
5584
7206
1086
6994
2555
6310
763
5664
8780
7158
5554
300
7855
3091
2025
2224
7323
2801
9581
9603
4466
7725
2467
2173
9461
5960
8260
1053
6430
86
722
2215
867
3627
9497
7649
1556
5252
2726
4385
3266
2028
111
4931
865
486
9482
1529
3794
2945
4054
9064
7949
4407
5969
7148
553
3205
8766
9520
8935
7658
2101
425
2673
7439
6465
7570
7256
9600
827
9495
9132
9244
447
4288
6823
5204
7885
6193
4465
5532
3617
3744
201
9162
3540
4494
5225
4247
1295
5660
1326
7475
5935
8746
2165
7317
5813
2914
4703
2522
9283
1355
9613
8461
1856
202
283
6399
1663
7254
3917
130
8235
5269
9783
5384
5898
4548
1595
2622
5911
9485
5120
8043
3704
1352
4129
2286
1618
613
4917
7573
8271
9859
8298
5751
4669
4912
1564
8318
1508
2920
2001
93
7561
7739
1195
8594
4532
406
8587
5222
2224
764
1725
2805
5402
5054
9940
65
5447
5666
1018
7873
8857
9585
9397
850
6388
4849
4067
6479
4908
436
720
6598
3955
6235
2719
4779
400
5439
7470
5216
116
5800
8386
3337
3924
2982
6110
518
7645
2075
1348
1883
2905
2123
5737
2192
3261
6638
2181
1045
3993
6148
5896
7850
103
9280
6601
8792
4507
3273
7989
9914
6332
6583
6598
2066
1023
9545
212
4926
1257
9024
4435
1814
154
9821
4680
5793
3263
9885
9600
7675
1084
1590
4620
8041
9850
4303
8739
7174
8468
1919
2323
7683
7073
7040
3882
4028
1729
4453
2392
5890
7024
9582
1904
5859
7109
554
723
5680
8332
9014
7941
9434
7163
4257
7445
8538
7745
2157
3738
4258
8177
7461
9724
6570
8734
7634
2500
9937
7485
6854
9279
4145
4758
5241
9957
9975
8837
745
724
8063
3820
9634
7545
9661
6369
8267
8652
629
7039
2422
1996
7012
3473
3765
5099
5535
7642
9607
4768
1367
4947
9719
1775
2028
3065
9244
7457
1793
5212
124
6616
2450
8309
9033
1407
8895
3123
5231
1588
8063
4358
4717
4334
3556
6605
1088
8851
9699
6646
1947
5196
4724
9607
7769
3744
8390
5018
3068
889
4325
6304
3696
2176
92
1983
2450
874
9228
7746
2491
3311
3730
5057
5208
1852
4073
7229
2315
2013
1131
4573
7377
1690
2284
2668
5572
7125
9316
6300
7610
8704
8665
8963
9698
9284
7064
5652
4989
1329
9475
7917
8182
21
9467
5837
3897
4411
473
1102
534
8665
7450
6912
3294
829
6115
8920
9686
4587
5208
1614
2013
1326
9547
2787
2233
5832
3571
3289
5291
2902
7818
6758
6021
8014
1723
3699
7054
5427
9623
4291
9096
9422
6123
7266
2797
2735
9592
3641
6026
7524
3500
9663
791
9366
4122
8346
3737
3375
7291
8312
5718
188
3115
869
5533
274
3433
7852
7133
1009
3469
5394
1370
3877
1704
7476
5258
6055
5938
2722
5580
43
139
289
4413
9980
9891
9666
2453
9874
1296
6185
9362
1425
8950
2774
4280
6569
5915
7271
1654
5018
9277
5050
8532
745
5756
5133
1938
2480
1452
1585
2289
7409
2974
7346
4542
9841
1616
563
5944
6620
5679
8233
1542
5961
6788
5071
6098
3005
3939
9967
5717
5800
5178
7345
1088
6849
4179
4016
8175
9932
6267
3584
4670
9043
5716
5348
5222
3870
9043
852
7198
2344
3747
7635
780
5098
91
4824
8222
6440
3865
543
4301
4196
932
1721
6845
1853
1165
7109
2058
7324
5895
3519
2657
7154
5755
8486
2596
6799
7624
6039
7402
8674
3386
47
1841
9644
2901
7993
1883
6060
3938
4253
5416
1549
4644
7918
6617
3642
3894
9380
5767
3605
4469
7494
2610
3527
1586
3310
427
4838
4030
9679
5673
2176
4799
7063
3143
8043
5095
9385
2785
5964
2400
2075
6521
299
9468
3816
412
8479
3521
3454
9268
266
6790
8693
7099
2068
7637
4849
4053
8278
2778
5190
6959
3506
2318
8984
6594
2449
6749
668
6419
7650
5263
1770
6863
8870
7551
74
4011
812
2409
5421
6855
6422
7896
7124
9763
8553
7769
194
8256
7660
2170
785
2923
2935
5988
954
8470
4300
295
8367
9503
6740
2227
1355
6593
2304
8969
5184
7946
4591
7323
9961
11
8328
5788
4783
5957
6930
1454
674
2238
2968
8262
1921
2113
5503
9394
9043
4989
8026
6045
4733
8893
6271
9720
2338
6363
7865
8738
7397
3721
8079
1744
8344
8160
5241
3716
3348
9223
1899
495
1852
16
3744
7246
2963
4298
761
8161
161
3492
7674
1134
8795
2653
9262
5377
9751
9119
7718
3836
3864
3117
2432
5034
2502
1391
2521
9158
4493
226
6638
8228
4803
7605
9434
9822
9013
1423
8979
7456
6133
4871
1449
4023
8923
2776
7520
1475
5332
9446
6671
491
6690
3279
4925
9166
733
8787
3448
7711
4670
7268
1462
7662
5015
3701
6122
6738
1513
6978
2538
8802
8612
5026
8394
4764
5659
5425
3118
6400
240
8632
5731
6615
9421
1672
861
7014
5318
1755
8654
6184
555
7010
9193
8067
8584
317
5385
52
3322
3557
9252
8105
7847
7924
1476
3747
2855
1882
321
6606
6357
5936
4780
5711
7712
3344
8151
7788
7597
9141
4260
9948
1766
5292
9820
9226
2879
3398
8061
2791
4374
8946
1428
8171
4813
7733
4723
9225
9795
2128
798
2738
3098
5388
1841
143
3968
6654
1727
4201
3324
7483
7185
8683
9279
1026
2723
5306
6656
504
11
1424
7134
6920
3730
8557
5791
5187
3891
1789
4282
1852
4179
9736
832
8120
3233
4074
3157
3653
9023
472
3420
3250
6913
3054
4138
6844
8355
4284
655
6352
5708
4057
924
3519
8211
9747
5542
5174
7153
4242
2705
4626
5625
3161
3390
6855
9445
4909
3459
6221
7127
9483
9486
8798
8629
7234
7381
2835
4423
6978
3372
9758
2694
7131
9476
6427
1508
4997
7364
6001
5988
8785
391
7851
850
2478
8035
2409
870
7118
428
7396
7605
8703
5379
4238
1032
4813
3924
8573
1434
115
3892
750
7630
8857
9485
5911
3952
3572
284
5540
8937
5798
7476
6927
1176
8078
357
5857
7773
502
6027
1961
8581
2752
3059
3527
9742
887
2308
6082
309
7225
7358
8949
6085
7025
7347
4786
2288
8454
2526
3780
9984
5973
3032
180
5920
5108
8563
3517
5570
729
5992
6827
5643
9203
6289
9407
615
8319
6316
2324
17
7703
2866
4115
9701
4339
423
8122
3752
4995
7957
6102
2647
4052
9579
7859
1562
1907
3193
4801
2414
4487
6755
276
595
6834
8352
5453
5205
1730
6802
2632
6187
2033
238
5167
6349
1039
3837
4629
9303
5263
1983
5293
6524
6184
2109
2535
6062
1458
5125
3900
3069
1500
2403
3608
31
6072
2738
4118
5741
9306
6106
5219
3387
3466
7680
6207
7984
1437
9398
3827
8769
5462
1201
6102
7874
785
7884
910
3100
9699
5957
9181
7044
6652
182
7293
8907
3374
1712
4147
3073
9303
935
7222
7305
5913
6167
6947
2408
2214
504
2613
5974
6080
1815
6001
1477
6558
2914
4224
5113
8513
4885
4812
8699
1286
4128
2059
7854
4694
8399
4664
9666
4288
5080
929
4104
6596
5586
9160
1147
602
4443
5840
7376
6938
8241
5082
8012
9485
7503
8240
8109
3630
115
7187
9497
7799
700
7717
1018
3623
4318
6870
9401
3974
3528
5680
742
9835
8925
8167
9109
7512
2525
6528
9329
629
2416
6333
396
8431
556
6038
3599
6853
9644
3780
1626
7168
265
9641
9659
6764
1884
2122
5166
4579
8963
4360
9326
1981
3708
4717
7623
7335
9434
1400
2219
8129
2415
9589
512
3402
5119
1836
4053
3523
214
8267
8492
4407
7775
6808
150
4385
4776
9820
7967
6848
4665
3255
4780
1467
6857
5387
479
3197
355
2165
6655
7885
3321
2437
2080
8904
2921
5220
7172
4280
7108
7810
4172
5296
8942
9692
80
6532
3973
2790
7107
6511
7112
7785
5861
9751
3860
2105
7426
5309
7969
1859
5698
8725
2431
4857
5788
3159
196
4152
4525
4384
6082
4862
8244
9829
4827
2109
5885
9135
3790
1183
5683
1813
8315
1929
4941
9525
6711
5701
3422
1927
1481
4658
8490
1634
4524
2348
8282
9740
6233
6795
8246
6834
2040
5269
9131
3198
7321
5611
9056
9653
2035
2676
3422
1622
2613
1794
5511
5822
958
4842
9657
216
8784
4084
1015
1500
6524
5484
249
7353
8468
1193
4219
2807
859
3088
4609
7050
649
4326
861
1335
4531
903
1376
8418
8224
5813
2637
4397
8802
2824
9144
5579
4076
1058
5149
2820
9606
4391
4962
6249
7599
7112
9423
4995
1527
4954
5344
7287
1414
4816
5588
4146
6106
6179
6984
3425
5951
7456
4935
1201
7774
871
1108
6557
6930
1499
7849
5397
8672
1654
35
5894
9168
1090
6402
4620
7438
9023
6989
2557
7173
105
3382
12
703
4470
5159
94
9989
5104
3494
6827
7484
6255
9743
7893
9238
8626
2615
8997
8834
4375
1144
7203
3438
8900
8882
4545
9026
5150
5494
2366
3864
1083
3454
7640
2686
9993
3967
8431
6901
6493
2299
9627
5683
2681
4727
3411
2425
3924
1799
5943
5993
4863
9630
7003
3790
8808
3605
3835
7992
7498
2430
6781
3669
9981
1857
2238
714
4159
1307
2270
5030
763
312
8709
8030
1508
5084
9221
1681
3611
3489
2764
2729
1337
9421
4463
786
915
7599
1463
6159
3906
6219
746
183
1029
2212
1494
7918
6184
7056
5699
1427
9489
8935
5950
1454
4824
6870
2974
8299
7363
6532
4595
5994
3909
4544
6434
5828
2915
9940
6210
8407
858
5219
6573
9346
3553
4401
6998
9259
5419
5055
5465
1182
5681
1184
2829
1116
9810
8209
3834
5760
4782
3364
6669
5040
334
1088
3312
7731
4674
8946
3101
3948
4192
2722
3538
3832
9170
5318
255
7955
2394
539
3980
3114
9599
3306
8442
2294
1174
7005
1647
9328
9343
8329
5657
224
8030
9474
8675
4163
9563
2061
1792
6293
8335
4602
7643
8088
7206
2707
5254
9385
7205
566
1163
1275
2822
820
2720
2731
6321
1937
2132
6457
3920
5320
4771
4320
5402
4029
9657
2770
419
595
3212
2106
3315
8676
8202
5075
2448
601
5881
4540
3476
2833
7256
9143
1162
9864
6231
8432
4055
8648
9546
9080
8754
1103
3912
7597
3710
6187
1861
3214
7945
7256
2996
3927
1099
4929
2324
8553
1390
5348
2253
1151
3166
8369
7495
1365
7767
2416
848
2055
8209
1417
3477
6761
4680
8389
8765
8565
3637
2592
7676
9169
963
9133
585
7789
6185
1053
9455
6552
1873
650
3710
389
8301
9626
7433
1963
5560
2803
4384
136
9784
135
7085
7774
6514
8594
2276
4957
6045
4101
7948
8683
6665
8551
290
8062
7310
5020
8931
8053
4671
1418
7014
4055
3295
5370
4326
2264
2410
3840
5608
3930
8910
6096
3986
9515
128
2194
6436
4290
6142
6728
7042
2688
3671
9053
5890
590
3238
9681
6732
4349
5578
9700
8637
4173
5048
8545
6761
1721
4777
9289
2945
2224
3878
8494
8664
1479
1615
2500
9422
5528
9701
2310
427
5285
703
7302
7109
4528
6142
8833
5829
5083
7969
7750
1975
1626
222
9926
9566
5371
9598
1487
2241
5375
4950
7185
2724
7328
2729
9016
3003
3799
531
1223
6670
2223
9713
9880
8619
3497
7361
925
4183
3874
8777
248
9532
7602
2403
902
4514
9875
2566
5891
2436
6852
9994
8215
1296
5177
5115
8530
2151
1264
6636
384
7922
7546
2649
6390
2754
5356
9233
4432
2730
9955
699
3611
4245
1427
8487
8556
4248
9266
7686
1280
5349
7375
7484
4680
7751
3975
9045
8313
7492
6999
9882
8014
7944
2497
4285
3231
1904
7295
623
2702
8422
2666
991
9107
1041
6723
5674
3714
2377
2858
8012
5498
9948
377
4724
5093
7275
9200
920
8990
3967
8919
1095
5255
5207
3603
3008
7815
5630
5846
1640
7394
9964
2111
6239
9537
2794
7092
8709
1005
3316
8651
3569
5831
3117
8486
7870
1583
4094
4972
2786
4635
2419
7624
6470
54
3912
3025
3902
7439
1086
6524
4054
4875
8051
8549
1319
1699
2656
7216
687
4634
9901
7465
1685
3405
8095
4850
6679
4564
2470
3411
3542
4458
4101
1715
9229
6306
7290
1296
1221
2211
7289
7817
2784
6228
3284
7000
9715
159
71
8591
4278
3566
5229
778
1242
228
2755
6911
7297
2350
4883
9274
814
7446
3598
3145
1277
6505
4060
1999
9531
6078
8601
3384
2201
384
4140
578
7271
2286
1525
2377
7106
9206
8202
608
1263
5001
6838
6667
8514
8922
6606
2598
9503
2067
6746
5643
6287
8123
12
5822
5210
6423
7022
7777
4649
2098
3775
6221
3816
8221
2658
4595
7774
7215
4232
3848
9206
1316
6004
2421
5548
4432
6763
5995
9186
9789
4275
8585
2010
3441
9243
2896
5716
1359
2876
8094
2066
4938
3486
8615
1081
8596
3245
8111
8710
1785
2342
4082
2177
4276
7153
6506
5395
6424
7402
9459
9652
5117
7514
7869
4397
5461
7945
7008
6884
4306
4639
2251
2648
7532
4380
9488
8937
4291
5224
5099
2025
5466
2964
7763
6045
6410
1845
4338
1506
1757
1617
5625
4937
3480
4805
7597
832
1368
5382
7030
7653
741
6106
8037
2912
3043
4339
7521
1595
3197
3893
783
718
5118
4966
9549
370
8016
6019
3104
6475
1503
1612
9171
1921
2172
8408
9366
9896
6788
3002
7015
6445
8683
8083
2148
7785
2211
2709
726
826
7137
5374
4387
7292
4430
7037
4486
7991
3490
2693
4100
8149
5730
8106
2087
3598
3607
1400
8984
3738
1437
8753
2431
5832
4397
4984
2913
128
4657
1071
3393
965
7654
9551
4160
4080
4584
2829
1825
5762
6827
4199
7239
6756
4508
529
8135
2647
5780
7930
4651
3477
9994
740
6784
7777
537
8696
520
736
1226
1800
7630
8743
5799
5848
1398
5371
6592
6509
4899
7443
9908
478
2508
7614
4541
1422
3607
600
9578
8108
8282
5182
7521
8288
8161
5379
6596
2966
985
8290
4073
6777
6109
8423
4474
5545
1466
5676
3852
1853
8273
9326
7278
6341
2498
744
8926
986
2445
3079
67
9342
9046
3340
329
8270
8188
6984
5287
6249
7802
6897
715
4953
6341
8133
3262
829
1011
6961
829
9968
5959
7642
2425
6279
7710
3878
3873
8831
4512
6707
8469
4577
5866
3792
8304
7934
661
4638
1351
9394
4387
3028
505
7047
5391
5700
6094
703
4917
7226
2832
6070
6937
9474
1686
8842
5057
9157
8348
8853
5379
7205
4745
3802
745
3991
3056
6950
2845
9065
9091
9794
8864
7572
4691
8640
2888
630
4573
1074
8472
7220
8261
4140
4492
1002
6322
8016
7949
845
7547
1331
1845
6746
6865
1109
8131
9051
6984
4831
3919
3503
7740
7722
3784
543
6824
9221
5766
4015
9937
1918
842
1061
1552
7608
2411
5065
8841
7464
5336
9927
1835
5093
9056
1186
8219
5637
7928
651
5399
1991
9844
840
4046
2120
1941
5083
1766
2333
1556
4847
2389
4626
8166
697
7918
8303
5125
8262
3035
8805
9857
2947
7394
813
3588
4401
4496
3932
6565
2973
7497
1658
3838
507
182
575
644
4109
8759
5287
8228
820
5894
5406
8159
354
1526
7298
9017
7139
7221
8959
1041
5219
1931
5319
5741
2562
6811
140
9414
8560
72
3422
5086
6475
8897
2851
9800
2100
5151
5293
488
931
9507
3469
6221
5068
3041
1859
9553
4026
8900
7611
3619
5774
7785
2910
1179
8453
2547
9834
115
464
1561
5229
2252
7954
6978
9679
3828
6391
5161
488
416
1629
6260
4799
7281
1742
6126
6408
8682
7879
8144
2558
478
2039
9941
8629
2601
5150
8157
136
1746
3958
9828
175
7022
4128
4952
3183
4999
3757
3192
8997
7050
7955
4390
7826
9166
2322
8315
4738
1108
9178
2012
2179
1995
5838
6375
7474
9945
194
5942
8880
8411
3749
7299
4745
9747
4541
8871
3586
7310
2306
7128
7733
592
6608
9767
3622
8063
5076
7661
6227
9209
7208
1886
1129
4783
9155
5512
3427
6463
4313
1340
7816
1138
9130
15
6348
5512
5091
2785
717
1451
6117
5345
3863
3379
3040
7236
7002
704
28
5312
6553
5889
5927
8319
6322
6894
5251
3130
8095
6382
2274
7507
2075
1630
1878
2553
3463
2451
8805
3590
5077
5884
1990
3106
9608
5260
7472
7570
4567
879
6926
830
4289
6499
3810
7987
9332
8142
5032
9909
7456
2807
6430
2546
3524
5083
5165
160
7564
3643
9448
2658
1058
6735
4066
6461
9960
1312
9858
1999
3310
4952
3953
3870
3395
1559
5325
4210
2696
5488
6107
7667
7730
9523
149
9760
3134
9121
2706
9172
44
2002
1975
8339
7348
6634
3565
2835
3614
1451
2047
7688
9389
2892
3964
2391
4866
8627
3725
8912
5408
9343
2067
8510
3423
8310
6053
7604
3266
3746
4594
6751
1164
6982
9834
2902
8711
9961
7516
7650
9084
3231
2715
3366
7991
4134
5195
3983
272
2410
9960
6902
555
6910
2697
2501
9211
4517
7906
7402
5313
1300
6591
6912
7405
415
2102
355
8037
1047
9584
6930
1852
4936
3067
5399
545
196
7760
3935
5431
4101
4947
6118
6861
7517
4844
6622
7250
2353
175
7960
23
1337
109
4286
3555
9192
2885
9623
7520
2308
1801
4537
8148
9260
8927
5708
1257
3841
2019
4815
5828
5413
7355
1546
3050
4200
1627
1798
8242
8106
4188
8125
1937
7746
4140
7345
2408
2758
2244
6330
2662
7132
831
8364
6634
7160
2190
7612
1411
9489
5232
5502
8105
8907
2930
2900
6642
283
4189
6052
115
1032
7803
6035
1028
3716
9680
3620
1594
8649
996
837
9209
9298
313
9912
8967
1858
9258
7647
5914
7063
3190
5506
5064
8253
2154
637
3751
6383
8217
4058
4730
8710
2535
4983
2397
208
8957
6844
8007
4384
8640
9297
5796
8321
5022
8893
2983
4254
238
2925
6870
7464
6202
406
4219
8105
2850
9950
2968
5130
7438
9475
7224
5388
5165
2529
1369
2860
8034
6434
6234
9125
734
4061
7265
3245
8639
6123
7396
9433
2940
4533
1551
4459
1383
1523
132
6126
1698
2914
6262
9629
7898
9999
2235
7696
7949
6878
6686
2790
6617
7830
1453
832
3271
8366
7196
6186
679
5358
4942
3717
4034
1611
9375
8269
2781
6795
2082
9478
4093
4643
1872
8960
3613
2489
1619
4886
7656
637
2136
6071
3237
336
4141
1774
3584
7845
2630
4563
1586
7746
8748
9851
5466
8537
7564
7467
3578
1302
1215
7330
8339
5541
2703
2835
3756
9323
3059
5963
3240
6932
196
3056
3674
4730
5244
8442
2081
5215
406
6664
1154
2924
3463
3169
8410
9897
3637
4945
6499
2842
2126
3250
1163
4180
5193
3077
8611
8390
5446
1564
2567
4795
8851
8907
1477
3076
8868
9385
9425
9938
2029
3711
3215
2526
8636
5907
5816
7375
829
9948
3168
6819
1658
6824
8660
4390
8233
3216
7823
7183
9592
1739
7157
1645
2971
3838
4030
3794
6739
1149
1729
1839
6078
550
8564
4788
6689
2761
2383
9651
5356
1106
9661
2373
7954
8902
6773
9991
7498
9835
6108
5573
3132
7674
3515
566
1926
7995
2375
7769
8584
2085
224
7873
6068
3500
8556
9738
7284
9557
3526
3248
1775
78
5920
5875
3515
1182
8747
40
3053
3510
1689
3321
8889
6420
2931
327
7110
4951
6688
2063
8653
5866
6991
6517
3073
3695
8828
5691
6004
9434
8865
1363
9668
5778
1035
6404
7300
5289
7844
198
6943
6346
3019
8362
6683
1716
9751
8231
9509
466
4176
3487
715
7789
8153
5921
4901
2721
3686
675
8996
1629
7931
8587
239
218
9854
6116
5675
5327
5920
9365
5072
5747
7292
3755
3138
6044
895
6653
7079
6692
7700
7769
3616
535
7978
9651
4119
268
8790
1855
9558
8571
5961
7735
637
3544
1719
8672
4139
9558
7366
5568
1748
2517
1160
5704
1044
7459
1953
6706
9489
3524
1848
8255
1546
4414
4660
3042
6511
2608
9553
319
8649
7929
9816
5115
542
3671
1471
5001
874
5330
3537
4088
6800
6532
4703
8718
1230
4524
8270
1490
1321
6312
6334
7435
6499
1572
6525
5288
2726
7959
1495
6185
8000
6770
6554
1567
6749
171
9494
8706
7323
7890
8195
5188
4832
6577
342
7865
6713
5708
1770
3264
2707
2620
8878
8424
2588
9946
5798
5236
7479
4295
9384
5823
5815
2487
8135
12
5867
8342
5312
9973
5436
9265
14
8246
5340
2392
603
5121
7667
7965
1191
4762
5944
727
430
4386
4797
6037
1208
9096
1870
1140
2083
1721
2836
5750
8038
7724
8935
4569
4591
7532
5951
6362
4770
4703
1819
583
5922
1707
9941
644
8856
1843
2279
4247
7065
721
2338
358
9625
4786
6109
179
2674
2345
1719
1029
8470
2091
4896
2862
8872
2067
8826
7472
1052
580
8603
9356
7641
1375
53
2619
1862
5375
921
8609
9144
3968
2983
7797
2895
9151
9284
5547
4051
8290
115
2825
5051
2146
8199
3362
9998
885
2744
7836
1110
3821
9321
5376
9390
6860
2532
8501
5230
3367
4751
753
6121
5162
6512
8871
5122
1993
2349
438
6648
584
8426
4200
7476
568
1979
2392
8686
2323
9462
7853
737
7345
4340
8761
9963
9850
41
2006
9591
9443
2746
6999
1647
663
4327
174
8220
2535
1322
7731
5864
5469
4690
8907
1671
710
1552
8214
9749
1972
3564
2846
123
937
560
9709
7613
7408
4545
4922
7941
695
2437
4519
7892
8376
5441
5082
6843
8182
9334
907
7120
2513
1028
440
4148
8185
3648
9469
2420
1990
9735
1428
4665
2004
6479
85
9972
594
7071
279
3168
9089
9197
8933
7329
5178
780
9612
2097
3231
6777
4079
6407
751
6312
6132
5067
4715
6002
2418
2394
6203
9690
6477
5097
2794
1311
8754
3490
2669
4474
3867
7224
1498
2368
2189
9875
8194
6935
7656
6511
9149
8322
5185
1173
2256
3263
7369
1016
9543
681
4345
1692
3312
3424
4796
9344
950
7144
8170
3048
3454
5948
4054
2337
7308
1845
8971
4766
3740
1382
8128
8180
1804
8598
4762
8303
6184
9896
8767
9077
208
7536
6110
6519
3190
1443
9757
5741
2500
1167
8465
3573
7447
929
6566
552
3149
7642
5945
7152
6337
2897
4118
698
4312
4250
943
7353
7069
6072
303
6839
5890
3708
888
3979
4186
958
9056
6282
7568
1254
1862
8573
3648
1291
9307
1885
7734
3129
9057
3977
2594
1190
3174
9247
3359
4319
1007
501
1440
1330
6705
2376
8536
5814
3769
9332
5215
1320
9531
5646
6020
8451
8810
3366
2214
3810
6153
5706
7063
5859
936
4531
8145
1043
6185
3835
2212
1711
9938
4549
2206
5
4657
9730
2717
1559
844
6296
6733
7512
8425
2354
3882
8698
3521
9888
7971
6475
6336
5433
2065
4717
8058
5622
8660
2727
7234
2197
8002
8927
7427
5209
2690
339
4085
878
7404
8069
1337
9359
6138
7642
8091
4098
569
3623
612
5945
1454
6708
9260
2305
9194
3783
1916
6712
4029
5486
2142
984
9410
8828
4053
4082
6272
8080
7049
7867
2685
9726
8626
1562
667
1991
2504
1659
423
4221
8936
2234
4175
2093
8577
5493
1514
5156
1781
2486
5230
175
4919
2789
9712
27
1644
8743
8626
4809
4297
1638
3331
47
7090
1859
9822
1997
7831
8719
2858
3696
5617
8946
9409
1527
1096
3296
1328
8606
8328
1467
5354
5201
8769
2141
5454
285
2215
3068
5015
5417
4660
8931
2483
9556
6286
4097
4812
4050
5122
2910
1107
6465
9355
4817
8064
8882
5677
83
3179
3650
1339
3267
5026
9175
9871
4426
414
5946
6420
533
4690
1278
4844
3660
2666
9221
7460
8927
1412
9102
4681
7768
7475
4557
9948
1150
2739
1033
4632
4864
9578
1859
4794
5554
5112
7622
9672
2163
6783
2248
2595
807
273
3428
9043
4625
487
63
3552
3109
4949
8127
4322
8609
918
7493
8803
147
869
7816
7212
6493
9756
7499
6258
5464
8333
362
7266
2040
3176
3310
9339
5530
235
7104
2816
7927
8873
5962
3077
7838
2132
1388
5511
8257
5428
3453
2306
3046
9080
9410
5090
9294
8606
4838
4135
5814
5255
1610
7904
8125
7292
7271
5771
1116
1700
1559
899
219
1541
8197
6292
2145
111
3922
3875
8910
189
1884
2841
4640
3423
6736
2170
6809
4616
1386
2416
9793
7380
3719
3704
4421
1820
7025
5355
8117
608
1568
9482
5343
1616
2413
3964
3999
76
1831
6059
7302
7753
4501
3071
9707
1273
836
4308
9694
9003
8507
1797
4818
6538
7192
2498
3707
2967
1713
3113
5585
637
6248
1579
4332
8170
6951
45
917
5510
1179
5883
1174
5487
6979
9072
6612
6854
266
2998
7110
2295
7713
1987
1600
8271
6824
2238
8706
7863
4053
2427
4668
5309
1805
6632
4911
704
4032
8731
7198
4344
1152
5939
4480
1010
2343
9458
3255
6226
4963
96
3547
9390
7900
412
9981
5196
1497
4633
5634
5588
3620
1582
9811
3417
2782
2790
3979
6710
4593
5208
4959
8114
9965
9132
3137
2066
4429
8513
4189
6302
8066
5445
9303
1772
2020
7504
8809
5644
1295
2551
6247
6412
1232
6626
8762
2663
2231
4527
9070
2576
2490
7604
6614
5328
6594
4990
2108
7436
3920
8610
7669
1397
2643
7540
5841
9463
9854
5964
9881
93
4842
1483
4399
9952
7427
1612
5302
9127
6495
4150
3771
2619
1648
227
3514
1489
7562
3497
9737
1353
8248
520
3565
2527
2613
7965
5112
250
1250
4594
3585
7007
5080
4116
4519
1028
4581
4170
4273
9274
3986
6200
9614
64
4450
5921
181
1236
3129
6377
2285
4093
4170
716
2429
8911
3203
897
5998
8282
1538
2520
7339
493
2934
7107
6300
5736
6487
6909
335
9123
1010
2384
2867
6274
5967
3981
4977
4541
302
3974
9207
4612
3389
5021
437
4830
6395
9629
3429
3957
5334
3639
4920
4827
5701
7611
7304
6093
4949
4080
1451
6082
7304
3950
2700
6334
6267
9121
6255
906
8190
5520
8677
7558
9460
8603
4225
4084
7788
9117
5145
5332
5739
7194
9681
8248
6893
3929
4920
3343
713
3294
5096
4593
3083
3581
2304
3363
2516
3141
8376
6834
8658
4488
4650
4364
4640
9194
6312
1035
144
7158
2880
8057
1759
51
4765
3915
879
1911
3379
672
4979
1360
991
7783
9294
1441
3009
9573
7502
2102
1837
1392
3002
5165
2125
2565
8445
9286
5758
32
3712
4716
5187
3102
3510
9192
1146
1589
4750
7213
5766
3659
5224
46
6335
7845
9331
6046
7516
801
4902
8457
8539
4538
675
256
4488
3000
2521
6821
694
6974
287
8733
1304
8931
544
7917
1166
1520
7867
9846
4097
9180
4208
4826
8624
2525
1140
2203
7898
5556
5341
1996
4713
3030
3659
7865
4960
4075
2499
370
9758
3224
7430
2857
5256
348
3218
175
9975
5728
8804
7252
6617
7389
9849
1581
2291
8395
885
4456
1341
6323
1095
6188
1114
1936
960
3626
5616
2932
9488
9811
4605
9146
1108
644
7149
3952
7319
5551
9521
3364
2305
5359
3196
6632
6869
3326
760
9263
1697
1424
7805
3984
1121
4988
8650
6930
9086
7269
702
4670
5203
6212
2899
6271
1617
8859
4802
5799
3389
2348
1157
8156
861
3426
7405
8723
5238
885
7448
7070
1076
3818
6552
3370
2126
795
3090
7814
7354
9603
9405
1168
2717
9502
2157
3207
7507
8742
16
899
5082
6049
9047
7496
6796
4490
9213
5252
4300
5427
8177
4993
8667
6940
1165
4662
9767
6741
3619
7741
5002
2814
8044
9970
7327
8039
5959
1155
248
2573
4759
714
3966
9931
9048
908
2316
4025
7302
3861
7440
1937
7959
4034
6604
4788
9819
4107
2797
3435
8284
9356
2562
8007
2558
7611
603
4086
7044
4198
7395
2962
2833
8013
3963
9045
8614
269
9346
7100
6743
9104
9555
4035
6416
4730
1753
269
8540
9559
2525
9228
9899
3840
1533
4423
1514
3625
6170
1254
1033
9313
7845
480
6723
2117
4348
1230
2463
8349
2315
694
3621
6355
2697
8190
3421
9998
5925
2198
3756
7923
2745
4802
4157
4793
1114
1110
9440
4570
4832
5052
7363
5936
992
7015
9054
7325
1138
523
5644
983
2757
6594
972
2324
9290
2014
6405
7084
2940
6972
2332
4071
7328
9943
872
1476
9967
7234
2642
7394
1784
8270
6282
1195
8269
6476
8350
2850
3294
1924
6528
3683
2208
826
6499
9965
3331
6952
3865
1551
9727
4125
8475
1840
5217
8955
4367
1386
5971
7132
3973
6771
8521
6114
1284
8880
2854
9914
9327
2745
4963
254
4846
2774
4271
168
8179
5125
4229
1944
2964
5671
5619
2874
4192
1889
1202
5572
4181
3964
5808
4888
8640
2915
8105
6428
7586
652
2574
7324
7687
7726
6364
5755
8641
4982
6929
8817
7864
1976
3848
657
811
9714
6108
4740
2122
5222
2083
5529
3666
9864
936
9519
789
104
1787
8061
1320
6132
7508
879
5486
6716
6228
719
2068
7904
2184
9606
8136
7058
7492
2938
5567
2247
9949
3967
1361
7591
6126
5589
7074
9436
101
2028
8582
5566
4427
9331
5080
5430
5517
8656
7488
8537
1873
7250
3702
9365
2954
2720
3310
3748
9236
3418
8533
6611
4606
197
7562
5142
5021
663
7729
5850
8973
4146
1998
4291
4325
9226
9378
6482
4091
3611
9845
3985
2041
7784
2197
7683
4929
7848
8520
2282
8171
2944
8883
6819
2097
8921
5506
3946
519
6804
9257
3438
5243
1408
4904
2767
7795
5076
3803
4668
7858
8718
72
3888
6037
1753
2808
978
7476
8619
8435
8882
2694
2149
9750
1128
7683
5941
3106
7118
5805
5879
1300
4723
995
971
1620
2880
5617
1212
6563
7742
3246
4007
2311
1412
1972
4959
7329
8414
6492
1121
4000
9349
1250
5358
4343
3433
5143
2483
6688
9047
6137
3577
3931
4313
673
6728
1955
4140
5124
1071
2914
3212
6768
9231
6032
6622
5104
9744
6964
6294
4693
5367
8534
2548
6752
8125
3500
9779
516
5903
6696
5439
7500
218
6854
9198
2936
8741
4128
8399
7216
9612
7551
493
2174
6164
9742
4709
6408
7275
4164
476
4226
4975
5633
8298
4069
1634
6358
7073
7122
3014
9167
1249
7112
2548
3923
2414
7735
2180
5015
8343
461
6707
7549
1148
108
3483
1343
2120
8222
416
2230
9590
7213
1500
1636
7077
2793
6244
3218
9084
3294
6848
6547
4355
6272
8357
1150
7507
5564
5
8635
8152
3050
910
5880
4001
8607
9177
7733
934
2569
6103
9766
4077
9709
6410
564
3408
7127
5502
428
6784
762
2621
8452
9701
4236
217
9698
2794
6214
834
2561
1580
5318
2934
3084
1092
336
4938
9661
6952
9527
9581
6576
4009
2068
9316
6389
2136
5572
3512
4065
5167
7028
6812
7219
9932
9855
2125
6118
2210
6726
2
5663
1417
9972
7421
5550
3593
4435
9359
6942
2339
1703
4030
5765
5964
9993
9773
3007
2840
1382
8358
4269
9680
3794
1650
5732
3121
9573
501
8963
2169
7824
5063
9713
423
9855
3991
5128
2373
8489
2352
1293
3005
3662
9386
8455
1854
434
6122
8947
4219
6052
7803
7986
4413
970
1269
7562
5732
8120
1193
554
7770
5130
7105
462
91
9823
9066
1595
8824
6525
9198
4963
1743
3545
8342
8404
4699
2720
300
8705
1170
2473
1728
256
7895
2337
6196
9848
4599
4755
4050
4436
4874
2197
4301
116
523
4443
8583
2217
966
2586
7189
4787
9093
6910
2375
7095
16
9295
162
6976
2967
1504
2389
4635
6591
4314
4699
389
822
2961
2696
4733
4638
8194
4483
8222
620
1849
5108
7867
5239
7585
7735
7334
9407
3200
6104
1716
4373
8481
9636
2006
9503
7322
7341
653
2109
660
1530
6979
947
9197
2397
7690
5712
6026
5740
9989
4466
945
5181
1593
4368
636
1872
4776
4165
3269
4808
2827
2904
2759
1694
7316
7779
6607
3103
9821
3292
6745
1505
1765
805
5211
9933
8450
9385
851
8653
3653
966
6862
9979
4536
4468
6606
8531
5686
32
3201
266
4504
4727
1361
5393
4628
477
4490
1683
7670
3000
8640
7377
7540
983
5490
4924
5105
3816
4414
7882
2711
4111
9057
9038
2546
3245
1836
9182
3515
6692
4186
9257
420
9848
4085
7171
8800
2694
2728
8517
6856
8450
6908
8773
3973
3341
6648
9003
1621
9740
18
8301
7866
6155
2922
1652
5371
8119
9160
3247
6172
5305
2577
1487
413
1096
2294
3853
8066
4803
5062
5092
4945
577
2392
5928
2209
4130
8541
760
1949
5461
7560
9308
4200
5230
9671
1008
5695
7499
6530
6453
6671
5584
1734
6581
8439
9275
3210
2769
4323
6805
5578
9343
6748
5398
5954
1866
4074
6468
8432
5878
2432
2526
2221
7011
3203
1435
4548
2501
8495
4454
9253
5932
4963
9427
164
3953
6469
862
7572
6452
7901
5749
2694
7066
3452
8889
6979
415
5815
5451
4121
5723
9076
3700
1326
7586
1224
3899
9952
8991
1932
9124
8131
9128
7016
8676
3966
8263
3144
8910
1762
6952
7834
9859
8249
8718
1382
5248
2361
3195
9596
280
8771
923
2833
5963
5298
5345
1913
2258
9852
8760
2262
9772
2255
7485
240
7076
3136
8073
436
2999
1711
7353
474
1399
5741
6889
5187
7852
9625
2051
3983
1035
8415
3304
5608
646
7637
841
327
3149
7640
6804
2787
6506
8111
6021
3704
5905
6745
9794
7373
9612
7539
3744
8404
6753
4685
5316
666
7105
4207
4951
8335
2009
5875
7214
3307
1498
6592
8065
6831
5265
7603
7711
3713
7055
693
194
2155
8312
6966
1298
4191
2051
8835
2553
4612
3955
7550
6967
5864
5472
7584
7045
3832
7862
7286
7322
92
3352
1695
5006
144
1035
2391
5205
9694
8685
7268
5799
6820
3233
2924
8100
1867
3586
8240
7332
9507
6241
1612
3490
5740
2464
8620
1766
2508
816
4353
935
9319
4678
1207
4116
7265
1623
1367
8872
5265
7306
3983
6757
2470
9980
599
1880
6986
9405
1064
1645
4926
1340
1031
6184
3901
7745
5817
6570
6771
3374
4029
4997
8178
4208
7019
8923
6308
9710
2358
4632
818
2981
1229
3554
9805
4732
496
7741
5946
8259
1141
3855
4737
9273
1106
1853
4480
5080
9580
4767
1746
7001
3540
1149
5780
8114
5431
8853
2452
2696
5772
1266
6113
7740
5196
5056
4331
9006
4903
999
6794
319
3684
7534
2860
2791
168
7078
6945
5883
838
8541
6460
4414
3069
3941
2516
9834
3213
3922
99
5294
6989
2742
2680
5615
2228
2489
9837
325
8458
997
8350
5805
1561
9271
7964
9927
1781
8012
410
7706
3538
9654
9324
4618
2275
7356
7352
5672
7222
6011
2519
6131
3276
4519
9119
6048
9536
6049
3310
6324
7954
9142
1868
2851
2006
7273
3811
5616
243
7014
2225
3440
5721
7863
696
8562
7037
6484
7440
9893
758
5056
1561
4449
6870
7583
3539
1488
6197
5910
2214
7005
8549
1593
6807
4167
8215
8316
4969
3049
9858
6025
838
9634
845
3794
1623
7325
5858
9130
3590
533
3448
7127
0