6995
4252
1928
5025
5121
8620
5062
54
4177
6487
4563
8830
9527
2018
8054
9967
3626
5317
5945
2674
7967
2075
5537
7785
6951
3014
4241
5075
5703
3708
2342
2826
1201
4575
9178
3209
8051
7942
6927
3850
6774
231
7468
4907
6366
2902
7915
5396
7999
6328
2286
3263
3501
5489
8423
4898
6291
6669
6019
456
3126
6420
3444
1361
1730
9769
4505
2180
2236
1500
4337
2452
782
2887
1846
4236
9026
8162
1797
1912
5931
4729
391
8653
7888
9897
9121
7618
3701
1840
2642
2971
7844
3900
5116
9732
6960
1182
6398
2135
3053
8234
5755
7663
2204
4387
311
9404
3001
5022
4354
7696
6721
4883
8790
9115
5830
2778
612
3394
5117
8976
6029
3914
7031
7862
213
8237
9323
948
5109
8360
7067
1690
684
5364
783
8241
7975
4344
7060
7178
9577
4483
3063
2876
5962
9185
3517
1841
1479
4189
5595
9794
3503
71
8468
833
9201
1619
8695
2137
7444
9863
5415
7153
4316
4329
8645
3425
148
9142
9284
1601
6002
631
4251
6779
7112
6694
1599
8655
7309
9677
6567
1395
3074
8264
396
6296
9750
6458
3806
8869
1634
8765
3407
9010
747
5277
8139
6335
3977
5556
3202
9603
2986
5918
7877
559
6815
7599
5474
8513
1293
5425
6305
826
4541
4990
9164
7346
4991
7017
5377
8871
4267
6376
2548
2999
2260
85
9897
6425
8831
1645
2827
6649
3606
1334
125
6085
672
8710
8188
2169
8303
9712
302
9892
2678
5384
7823
392
3587
5345
1298
1805
6158
9565
2765
662
1936
3538
7040
4813
934
760
2283
5997
353
7199
6639
7680
2791
2138
2204
7088
2588
8802
2992
7911
3827
6826
6514
7056
8162
3369
5234
654
5350
3075
2444
9150
4932
3128
7238
5161
1368
8520
1395
5017
8119
5331
3873
1217
943
1780
3486
4280
6327
2843
2115
4520
1755
3851
2825
4716
859
8132
2844
3696
9456
7167
7124
725
5070
7628
2945
9018
6013
3207
9023
4558
6608
595
4273
3169
9324
4329
179
7855
1408
8646
4770
3623
8580
9881
89
6224
4964
9167
4603
9233
8182
4557
972
208
6891
687
5468
5805
7416
3996
2151
6125
3480
3898
7152
6702
4492
9070
3205
7085
1589
724
8378
1775
1319
7693
2011
4154
6380
5991
2891
9215
783
9573
8063
3806
8411
2449
6455
1441
5496
7417
6593
8169
5665
1775
2064
6534
3047
4919
359
6000
7432
6330
3404
5567
3218
7847
8496
5799
2082
4469
9890
6062
2271
6142
8967
8199
7227
8037
1591
2217
5321
1981
1797
4242
6586
9214
5237
7453
8302
6263
571
6239
3891
1149
3407
8481
7400
5594
541
8966
6228
9117
5489
6158
5628
9899
3384
4630
6372
145
7959
6888
1205
741
5105
9895
1975
8970
7157
3383
283
4728
8221
3370
1128
8611
1478
18
5404
1915
7478
9720
5460
8576
9231
1860
5841
5934
4218
5131
5966
8633
9208
8370
3656
7681
148
1110
5355
3183
8456
4109
3590
5516
5936
1426
6759
1730
1839
3123
4941
6696
4234
7290
400
2961
6378
3917
9192
4539
997
3625
8948
3583
6107
8754
4795
2992
7334
5076
509
4763
8458
4184
5598
3738
8408
4946
1798
4031
9151
7997
4658
5618
3559
2379
9284
8352
6950
9560
7002
8926
2913
8015
8127
8160
1629
5756
4901
1994
3343
5295
9736
5757
920
3393
7298
1267
6302
6182
135
7696
3540
136
5389
6114
5823
1736
9587
9122
3729
3776
4561
1047
3568
7307
4104
5800
6918
7077
8817
4051
9988
4719
3147
891
9794
4288
6393
2066
6867
2588
84
9104
6016
9921
8547
2056
6489
3202
3361
260
2158
9269
6107
2233
8123
7403
7948
8749
8560
8491
8230
9294
4347
3134
9985
9608
5974
4108
32
9437
4167
9939
5839
5805
4901
6564
7167
7654
8515
9730
6262
6937
4498
2602
4788
543
1404
839
9593
3073
2412
4867
5242
4614
4025
7904
8288
5385
3657
5911
9340
5143
8543
9234
5182
308
3033
8025
9111
9890
4818
5285
5933
455
6112
7515
9807
1710
4333
1846
9701
9584
3648
2510
8909
3110
1142
4347
5128
1301
1752
5519
9426
9477
734
9949
192
4017
8806
3135
383
330
358
5051
2898
4453
2711
6999
8004
1960
5136
2195
9446
5378
1424
5009
1863
9158
6027
3364
9607
9013
3219
5839
2500
6725
9951
9712
4851
3088
5077
4242
6564
916
4907
8801
6572
5486
4031
7013
9134
3341
6725
7913
7659
7619
8310
8193
6090
2398
2749
4229
3705
1834
8338
5152
6429
5560
3321
6381
1813
8511
2604
5851
9700
8274
7047
6854
9501
8598
845
7144
7845
6845
2556
3732
7514
9891
7222
121
4216
9842
5159
9357
3457
6704
1820
2241
1193
7098
9620
1730
7935
7242
7743
8234
2982
8820
737
9926
9113
8934
6561
8256
3401
3326
3461
4268
9811
507
1242
3006
9973
2818
445
1015
5735
2178
8990
612
1794
1763
4136
3308
9722
9100
7887
3582
5556
6455
7689
841
6455
8249
3614
1540
256
3454
8357
7727
6298
1601
3555
3662
7921
6819
5802
3831
3062
1627
782
270
206
4695
9386
1902
6832
399
9799
5303
3900
6878
4019
787
1612
5047
3835
2354
3134
1236
3812
3511
845
4384
9064
5718
6655
5514
7556
4714
9848
8781
7077
1832
3159
4258
3363
6283
622
3749
5789
2951
3758
5558
7610
7740
3925
3648
573
2014
6462
9400
4197
6922
3458
2685
4555
4462
2820
839
8348
3422
5359
5639
4262
2962
9287
3208
1829
3387
5328
6747
8021
1176
7997
3126
6839
6205
3946
3611
586
371
1255
4346
7309
4563
8335
7262
1966
2992
6782
1987
1753
9474
8515
2353
4773
4932
7240
9213
2175
9234
1729
5067
2151
8754
2690
8275
5257
4933
5291
3455
2927
3559
4131
7505
9336
8562
6517
6152
6531
892
7176
3069
126
460
7788
4604
7140
3320
7490
9771
1751
8176
5825
8766
8356
4465
1259
5692
870
5051
7046
3740
2241
2713
9754
2604
8090
8361
9515
6706
0